7070499962283038836859574890682883607598386756508899579032892184011070434192541
2248244757710465634148396030620278683873806956042304114426942080939729806351396
9371648705964023592563416858783101222834598455514397298150616225199619839145498
1741040901610339621723216684847513500049576561159714398754283433514171953640525
9435189991330361481100457721851822225418942328059832468203417684878706524706900
5929224469629137028587335773658943018528344485279119896224639076568280814141291
7366625729731698614436803879009343242834494728576139634101908421859468585017754
8659716638049837986427983580696659917340626421905468427472780481961517028216494
3833541185788024845936862749534930965634312979294782227546313411365712009030789
7541921363776233478963745791310007569436220062809642174008082041613072437654433
