0992569880586838614914212036001878515028072670841451406045246141638835586971278
8988042356851652910485645545880812555917477561902087943955564795882024392126901
8413419811328609574339736758371463086871698996057034081485898486886994742879282
4069056640110647457567175262024529464846465737661123230142716201690838650186144
2703161748761971269328468478395710540874138443622436890898264474473759735292978
2085823597751224318092139389465004931345498601552142905111453480501265315408515
2946199879686434820981233648048484726151858889094722192375542267619244908026817
0696456697017000192885849573931852105654096665457398205182875190736263135537757
3676819742206610127684228140763860836225318822690836308389813671906181708300474
6292858786826637452494291552444564970224331989386392876311200666299288136243652
3425784184370499195749005221169338861368294013967893402883646647122807073685311
0673298386853359150709224709819616894645708706495299841956680991098015558059171
8758802553292916586554950134684991124612484331470843818554820750056280986233192
9814730575953007024800318208337437855613923949697507019969551638799887997972484
9698444090775387375266015048046055490315112469530289544668713639093336639245047
7220568587591948460417183946530198882240130060100085509083734498843236038705561
0928123324105217230450917332103011344863043555796616375291316484556755567805242
4928227222194355247416285712512780035585855126049303459635034903123584223149888
9867987285361433223027520519331739529035780057852718594959175614150253544476042
4016693459794942525165893672730311088797582976068872995055738417532270595297709
3907283671542252298438677884289849342051668297787530111862762778909397764529420
8018375751607467581268697825252933372116072585460677449654217272718185578595897
5768323839305905605559963435662065993319563416051621825266588433228221798262595
9205233797012879235245167087333040483111651798742655666583312330367979102800646
2356590872859051316205224070719617898128698638675711399511513191086314790968460
9049773457780482774992586689673401271544842182707795852083491740480961159997197
8590320910188432823318596492493194006947661230665582233051753342861790744432606
7802371496385133791275996686062620469613947964815288408157414216607928673806069
1307149050110945418795525835933344854907432321463228915632073614348751113187870
9276813034389444544000703157413130329907083728032102591884360845486688874127962
9380805235606978102868684903346480943888231372064021096723971631258778569374656
9369129510697071375815049895292647376084144091582341275677197910004044287950753
3500783622316025078982063487309666864759017626288889246745768643588834014624947
0271321602117870040873597155664137856669422055619592218373598234226675081053236
7894695751990287210102437688448616731529060450975908560971661900896526024896297
4994068962527698281999646704246414011727330311109104625106993289725968925810094
1710048499476134288057162415435928390375265697140848533336540782671841316621783
2345554920347980502343165531065956594694591639754019802938746690162937671627348
0442484726585340489474424452467726019350840619520539586381050702493642007681646
0356997939815623871663404041294764140724832068098406514293129689036008692066323
1978854389463494245948338013425320936443460027645659344479295260141737404509766
6597366411255966160693137622391558726792083321480054304221296421329636872917331
2339928419515842976898328916653786592005972795527387849329341136834706304493607
5631280620877586096638080350272722486181167530863732338547998334190095182781628
0255736716504395501764243553000297504984130265470614633896940027251938822629532
2912094450201766426657547240430700197032696399423215511833588716952291527917631
1456595689913658751750346234890294014912879376027584619628367195882033053388686
2303880281028435521465908070544646741901613103713534477898376101497346296673370
4477519137636026658218209388744720769565343797496447115748385322436066321127963
4964042164468021287610554047054834424858102265572404089906870986119906173590678
5302774681678841062531751995139522513489179787658872202422323721788669688674723
6049273267053249975291961100112840365453261516758100269331278059442700420950241
3497731240322399710395241143648242481481376106704775237838832635730315103656777
9975034281635103363445303944210529677139501323626695108795455501644087407567988
3280643531926694921434927602482260787806146718660490445802803512468218781652769
5478182013995782226015445546677559622744697904875727272351899526644390751476706
4782523611527878272036547406130956434657541504391940451674845270167507325237245
3390974777566135051687523147775781794819261261683208911151985661674676989279761
5424012005502679068961600238765249299282293303787576806364908518364287985411567
5687768007531051271327124752304788794304723324142694276159530892792462554023430
0074381192320622750798549289803177385142464100582052000430479759132515253767599
1331314851199538441263723161629344989761157763952453906451235759007277834492415
3553163628816062659869218337765480884068622941617607191356955436236903392952136
0858556356137255178664177240856357578023134539275502685589648471018443689334166
8449716337185981015371307217102727674094819188950388206025681974536716401439960
6191316878480277952813480797225674979569910383395681103533828182044955653099722
6020453633693696029031042869529228271724457390334364357637885033826181668697130
6383688989751648552683313146374065676304322584997645543765093123528764065251363
6988173126168937781205097276339053742878860230461206482422483479383039655606127
2542077555988382361344875707720662486396037557410852205739000777636213443013647
4417245498504347883057116540284556207529372968614197296721088799823084697495858
5902637543194480477219883099854189392269539720300165632060306155892681570736816
9960584367650069692253276505551620204450122353273652492709210264830198886478779
9195143031326629383792167509770394289715148428051282209800185708817790457151229
0963932715879198284141919587994748787924941409627954194633689162404351461237576
1897063699499226000705875237933657442419981897998317178821586938173117498405963
6289717468981161460185167726046667038217631736660400762923864180627240494098540
7129674706040535232101245799970698638281686380998566832621914257782943418539834
2207529340677028675442585163515315840958061009271351826279184725212162234109309
3073964255961993506732084731139233858809837012627833052826834598349318054822658
4908305703617678837132494016038549378270686600453378770831546324948951568677312
8979701166437959688190376494126103522491306422929583157349093258336159942084686
6155244972736717182446443529381634883291507400930512233908998067083831562089645
0756777526085490062736897238092679030996186023653165091355069464822892090633710
6284872996345118170865801740957247024819116681658929779864773398320407723484212
8122623645283650324013906908029087625639784184048040155187400845534741366729676
3781866339202755143540467451046239596038231313306520793090103516993564294449533
1625459895080165858348468852281923466489547707860914982113575424127583500127781
6092140973933289629225050771072640080239481942091724181523359759091498208594820
7825985867756111353099095396600694951152567226730823219990137406463711333026775
2361655187880345503365597718035164304149265814177239080335919668695674853284817
5620170629228168386596269439598044842370411017277963062047028332320606955525585
0572100713698691486073080461559609423027099618082710802308089396175523313241132
1745322936158820804089763915588994294478589610114966559128978638465420117175415
6128878175915118373750200654893521302564323682237299949525899433240220605726328
5214550842970769100000353700343823935832915287708710759556211752160870924440770
9207960316880940038645039637802894016107972174201871257827544724802316114143251
7158817961891797467766165012760168950080782746189365766098812682437258129704081
4726454542893998192413028978188326692050522539062593374498898732193726201008097
7074446711466338214315423552113431059635917754580812200336421688093132535345650
